image: igvc_map.pgm
resolution: 0.130000
origin: [-43.160001, -31.460000, -nan]
negate: 0
occupied_thresh: 0.65
free_thresh: 0.196

